0.000000  1.278464e+00  0.000000e+00
0.099902  -8.354940e-01  9.784916e-01
0.199805  -2.003035e-01  -1.262573e+00
0.299707  1.097492e+00  6.719641e-01
0.399609  -1.215298e+00  3.955631e-01
0.499512  4.918514e-01  -1.189590e+00
0.599414  5.809270e-01  1.137970e+00
0.699316  -1.251847e+00  -2.993448e-01
0.799219  1.035660e+00  -7.540737e-01
0.899121  -9.641056e-02  1.243337e+00
0.999023  -9.287395e-02  -9.263640e-02
1.098926  -3.036619e-02  2.432592e-03
1.198828  -8.637492e-03  1.192682e-02
1.298730  2.142143e-03  8.857109e-03
1.398633  5.683321e-03  2.882977e-03
1.498535  4.421629e-03  -1.841583e-03
1.598438  1.159021e-03  -3.591956e-03
1.698340  -1.612094e-03  -2.617731e-03
1.798242  -2.536298e-03  -3.957175e-04
1.898144  -1.657302e-03  1.422410e-03
1.998047  5.077965e-06  1.887092e-03
2.097949  1.257477e-03  1.068385e-03
2.197852  1.439843e-03  -2.322100e-04
2.297754  6.756714e-04  -1.109884e-03
2.397656  -3.643158e-04  -1.109125e-03
2.497559  -9.757360e-04  -4.007403e-04
2.597461  -8.527041e-04  4.380979e-04
2.697363  -2.015000e-04  8.522721e-04
2.797266  4.745455e-04  6.484127e-04
2.897168  7.383158e-04  5.527458e-05
2.997070  4.822126e-04  -4.857702e-04
3.096973  -5.244890e-05  -6.328847e-04
3.196875  -4.792868e-04  -3.454007e-04
3.296777  -5.355713e-04  1.310585e-04
3.396680  -2.321810e-04  4.603994e-04
3.496582  1.870615e-04  4.459941e-04
3.596484  4.325829e-04  1.383880e-04
3.696387  3.638614e-04  -2.254170e-04
3.796289  6.114441e-05  -3.987415e-04
3.896191  -2.491041e-04  -2.890043e-04
3.996094  -3.608406e-04  2.078602e-06
4.095996  -2.210505e-04  2.615138e-04
4.195899  5.259117e-05  3.206131e-04
4.295801  2.644452e-04  1.600064e-04
4.395703  2.791936e-04  -9.241243e-05
4.495605  1.057799e-04  -2.597324e-04
4.595508  -1.228363e-04  -2.376930e-04
4.695410  -2.489942e-04  -5.813451e-05
4.795312  -1.969695e-04  1.448981e-04
4.895215  -1.682738e-05  2.334687e-04
4.995117  1.596054e-04  1.576132e-04
5.095019  2.144861e-04  -1.836844e-05
5.194922  1.203029e-04  -1.678067e-04
5.294824  -4.769721e-05  -1.927309e-04
5.394727  -1.706270e-04  -8.539084e-05
5.494629  -1.692882e-04  7.144443e-05
5.594531  -5.343150e-05  1.685146e-04
5.694434  9.015427e-05  1.447641e-04
5.794336  1.625175e-04  2.449836e-05
5.894238  1.198504e-04  -1.039375e-04
5.994141  -1.172153e-06  -1.532088e-04
6.094043  -1.132776e-04  -9.523488e-05
6.193945  -1.412002e-04  2.354630e-05
6.293848  -7.134407e-05  1.185153e-04
6.393750  4.249824e-05  1.271716e-04
6.493652  1.201610e-04  4.867551e-05
6.593554  1.115366e-04  -5.809051e-05
6.693457  2.741677e-05  -1.186021e-04
6.793359  -7.035168e-05  -9.512380e-05
6.893262  -1.142640e-04  -7.984788e-06
6.993164  -7.802831e-05  7.942951e-05
7.093066  9.519213e-06  1.076708e-04
7.192969  8.550454e-05  6.095721e-05
7.292871  9.901143e-05  -2.476962e-05
7.392774  4.424835e-05  -8.887656e-05
7.492676  -3.779879e-05  -8.879492e-05
7.592578  -8.965540e-05  -2.816037e-05
7.692481  -7.746279e-05  4.851621e-05
7.792383  -1.303540e-05  8.812640e-05
7.892285  5.692989e-05  6.537749e-05
7.992188  8.456052e-05  -9.578435e-07
8.092090  5.290641e-05  -6.313303e-05
8.191992  -1.345606e-05  -7.927255e-05
8.291895  -6.716717e-05  -4.020764e-05
8.391797  -7.249495e-05  2.445374e-05
8.491699  -2.783001e-05  6.922984e-05
8.591601  3.376315e-05  6.453510e-05
8.691504  6.935172e-05  1.580450e-05
8.791407  5.576004e-05  -4.142057e-05
8.891309  4.512089e-06  -6.772617e-05
8.991211  -4.739939e-05  -4.638043e-05
9.091113  -6.458909e-05  5.858804e-06
9.191015  -3.668417e-05  5.169404e-05
9.290918  1.522379e-05  6.014324e-05
9.390821  5.434676e-05  2.689151e-05
9.490723  5.459902e-05  -2.338231e-05
9.590625  1.725284e-05  -5.537771e-05
9.690527  -3.038620e-05  -4.816170e-05
9.790430  -5.501536e-05  -8.011249e-06
9.890332  -4.108727e-05  3.594519e-05
9.990234  7.434397e-07  5.331102e-05
10.090137  4.025615e-05  3.350995e-05
10.190039  5.049354e-05  -8.680883e-06
10.289942  2.569268e-05  -4.323245e-05
10.389844  -1.581881e-05  -4.663900e-05
10.489746  -4.489557e-05  -1.786121e-05
10.589648  -4.191169e-05  2.206231e-05
10.689550  -1.018553e-05  4.533430e-05
10.789454  2.727525e-05  3.651758e-05
10.889356  4.461193e-05  2.857569e-06
10.989258  3.060159e-05  -3.146070e-05
11.089160  -4.037304e-06  -4.293509e-05
11.189062  -3.449982e-05  -2.435895e-05
11.288965  -4.025769e-05  1.028505e-05
11.388867  -1.795590e-05  3.658456e-05
11.488770  1.586846e-05  3.681837e-05
11.588672  3.755399e-05  1.158957e-05
11.688574  3.265859e-05  -2.068818e-05
11.788477  5.377212e-06  -3.757715e-05
11.888379  -2.465618e-05  -2.799449e-05
11.988281  -3.668992e-05  5.745820e-07
12.088183  -2.297386e-05  2.773636e-05
12.188086  6.109137e-06  3.494202e-05
12.287989  2.994331e-05  1.772952e-05
12.387891  3.245983e-05  -1.114911e-05
12.487793  1.242254e-05  -3.126596e-05
12.587695  -1.555435e-05  -2.930292e-05
12.687597  -3.178015e-05  -7.100958e-06
12.787500  -2.569439e-05  1.933538e-05
12.887403  -1.958052e-06  3.143871e-05
12.987305  2.233550e-05  2.162058e-05
13.087207  3.043586e-05  -2.933329e-06
13.187109  1.728562e-05  -2.464642e-05
13.287012  -7.420576e-06  -2.867783e-05
13.386914  -2.622495e-05  -1.280854e-05
13.486816  -2.632888e-05  1.143561e-05
13.586719  -8.270662e-06  2.707221e-05
13.686621  1.495287e-05  2.349253e-05
13.786524  2.720499e-05  3.802274e-06
13.886426  2.024801e-05  -1.788488e-05
13.986328  -5.419367e-07  -2.664438e-05
14.086230  -2.022975e-05  -1.671235e-05
14.186132  -2.548745e-05  4.538805e-06
14.286036  -1.290586e-05  2.192612e-05
14.385938  8.228060e-06  2.376105e-05
14.485840  2.304380e-05  9.055994e-06
14.585742  2.153024e-05  -1.146876e-05
14.685644  5.163151e-06  -2.349220e-05
14.785547  -1.427057e-05  -1.893941e-05
14.885449  -2.334773e-05  -1.362740e-06
14.985352  -1.600688e-05  1.660090e-05
15.085254  2.244276e-06  2.263266e-05
15.185156  1.837279e-05  1.284050e-05
15.285059  2.140906e-05  -5.607687e-06
15.384961  9.527724e-06  -1.961317e-05
15.484863  -8.637861e-06  -1.974932e-05
15.584765  -2.026669e-05  -6.150660e-06
15.684668  -1.766447e-05  1.135089e-05
15.784571  -2.823075e-06  2.042603e-05
15.884473  1.357864e-05  1.529120e-05
15.984375  2.007162e-05  -4.383202e-07
16.084278  1.261713e-05  -1.539340e-05
16.184179  -3.465029e-06  -1.928323e-05
16.284082  -1.674215e-05  -9.755044e-06
16.383984  -1.804433e-05  6.271645e-06
16.483887  -6.829802e-06  1.758628e-05
16.583790  8.791464e-06  1.641668e-05
16.683691  1.797667e-05  3.888855e-06
16.783594  1.446903e-05  -1.098015e-05
16.883495  9.955563e-07  -1.788515e-05
16.983398  -1.278037e-05  -1.224807e-05
17.083302  -1.742985e-05  1.775043e-06
17.183203  -9.859542e-06  1.415692e-05
17.283106  4.370408e-06  1.652118e-05
17.383007  1.517366e-05  7.288820e-06
17.482910  1.526615e-05  -6.711791e-06
17.582813  4.735025e-06  -1.573843e-05
17.682714  -8.810507e-06  -1.367300e-05
17.782618  -1.590781e-05  -2.147651e-06
17.882519  -1.181209e-05  1.056237e-05
17.982422  3.678356e-07  1.569505e-05
18.082325  1.198247e-05  9.791676e-06
18.182226  1.508054e-05  -2.765885e-06
18.282129  7.606820e-06  -1.304091e-05
18.382030  -4.995018e-06  -1.414465e-05
18.481934  -1.375179e-05  -5.356336e-06
18.581837  -1.285728e-05  6.967699e-06
18.681738  -3.040130e-06  1.408392e-05
18.781641  8.700878e-06  1.137391e-05
18.881542  1.406096e-05  7.717892e-07
18.981445  9.633270e-06  -1.011265e-05
19.081348  -1.432856e-06  -1.371642e-05
19.181250  -1.122250e-05  -7.751533e-06
19.281153  -1.303818e-05  3.475899e-06
19.381054  -5.765603e-06  1.204884e-05
19.480957  5.342550e-06  1.205290e-05
19.580860  1.252084e-05  3.713526e-06
19.680761  1.083183e-05  -7.006187e-06
19.780664  1.662398e-06  -1.266700e-05
19.880566  -8.421461e-06  -9.398679e-06
19.980469  -1.248206e-05  3.649244e-07
20.080372  -7.811884e-06  9.585452e-06
20.180273  2.246269e-06  1.202802e-05
20.280176  1.044287e-05  6.043358e-06
20.380077  1.128406e-05  -4.007597e-06
20.479980  4.244323e-06  -1.105244e-05
20.579884  -5.573579e-06  -1.029671e-05
20.679785  -1.133963e-05  -2.392794e-06
20.779688  -9.105315e-06  6.964385e-06
20.879589  -5.572435e-07  1.132020e-05
20.979492  8.133452e-06  7.733361e-06
21.079395  1.104558e-05  -1.182795e-06
21.179296  6.229412e-06  -9.047779e-06
21.279200  -2.849193e-06  -1.049882e-05
21.379101  -9.705221e-06  -4.623245e-06
21.479004  -9.746400e-06  4.349828e-06
21.578907  -2.989586e-06  1.007064e-05
21.678808  5.733303e-06  8.755731e-06
21.778711  1.021366e-05  1.339499e-06
21.878613  7.611411e-06  -6.877270e-06
21.978516  -2.968504e-07  -1.008059e-05
22.078419  -7.811725e-06  -6.299102e-06
22.178320  -9.741675e-06  1.827222e-06
22.278223  -4.870510e-06  8.524573e-06
22.378124  3.258407e-06  9.166092e-06
22.478027  8.989383e-06  3.408679e-06
22.577930  8.371678e-06  -4.562873e-06
22.677832  1.918222e-06  -9.229987e-06
22.777735  -5.704263e-06  -7.409506e-06
22.877636  -9.227859e-06  -4.493527e-07
22.977539  -6.286084e-06  6.667501e-06
23.077442  1.007779e-06  9.030468e-06
23.177343  7.389756e-06  5.072486e-06
23.277246  8.594447e-06  -2.344272e-06
23.377148  3.752425e-06  -7.957013e-06
23.477051  -3.581768e-06  -7.974820e-06
23.576954  -8.282240e-06  -2.416475e-06
23.676855  -7.163200e-06  4.684572e-06
23.776758  -1.074330e-06  8.408337e-06
23.876659  5.627950e-06  6.209792e-06
23.976562  8.326998e-06  -2.691393e-07
24.076466  5.157891e-06  -6.397572e-06
24.176367  -1.542005e-06  -8.028396e-06
24.276270  -6.986476e-06  -4.012470e-06
24.376171  -7.547983e-06  2.748231e-06
24.476074  -2.829178e-06  7.382778e-06
24.575977  3.804385e-06  6.883793e-06
24.675879  7.589300e-06  1.581508e-06
24.775782  6.102761e-06  -4.759952e-06
24.875683  3.656351e-07  -7.586116e-06
24.975586  -5.520226e-06  -5.189210e-06
25.075489  -7.438837e-06  8.371696e-07
25.175390  -4.172788e-06  6.145424e-06
25.275293  1.954764e-06  7.086845e-06
25.375195  6.608564e-06  3.099646e-06
25.475098  6.571706e-06  -2.967803e-06
25.575001  1.974231e-06  -6.882491e-06
25.674902  -3.892382e-06  -5.921248e-06
25.774805  -6.976450e-06  -8.545448e-07
25.874706  -5.152517e-06  4.675435e-06
25.974609  2.637606e-07  6.879028e-06
26.074512  5.341167e-06  4.291491e-06
26.174414  6.650988e-06  -1.296717e-06
26.274317  3.318532e-06  -5.827676e-06
26.374218  -2.275157e-06  -6.255997e-06
26.474121  -6.187590e-06  -2.310108e-06
26.574024  -5.708477e-06  3.143485e-06
26.673925  -1.282109e-06  6.356482e-06
26.773829  3.918823e-06  5.062971e-06
26.873730  6.355462e-06  2.573529e-07
26.973633  4.300634e-06  -4.589504e-06
27.073536  -7.204117e-07  -6.212011e-06
27.173437  -5.102034e-06  -3.465850e-06
27.273340  -5.917739e-06  1.656728e-06
27.373241  -2.571282e-06  5.488822e-06
27.473145  2.515020e-06  5.506897e-06
27.573048  5.695315e-06  1.647350e-06
27.672949  4.940671e-06  -3.301802e-06
27.772852  7.223120e-07  -5.788211e-06
27.872753  -3.953926e-06  -4.304076e-06
27.972656  -5.722458e-06  2.083514e-07
28.072559  -3.555001e-06  4.486746e-06
28.172461  1.080187e-06  5.545917e-06
28.272364  4.892520e-06  2.739177e-06
28.372265  5.234093e-06  -1.900185e-06
28.472168  1.913450e-06  -5.157630e-06
28.572071  -2.655114e-06  -4.783272e-06
28.671972  -5.304938e-06  -1.058256e-06
28.771875  -4.238090e-06  3.318099e-06
28.871777  -2.155522e-07  5.302709e-06
28.971680  3.864583e-06  3.588876e-06
29.071583  5.202881e-06  -6.243681e-07
29.171484  2.901543e-06  -4.287446e-06
29.271387  -1.399902e-06  -4.956196e-06
29.371288  -4.608649e-06  -2.128726e-06
29.471191  -4.605637e-06  2.102010e-06
29.571095  -1.367581e-06  4.813066e-06
29.670996  2.751369e-06  4.138386e-06
29.770899  4.886591e-06  5.823449e-07
29.870800  3.583594e-06  -3.286511e-06
29.970703  -2.037660e-07  -4.848338e-06
30.070606  -3.740845e-06  -2.977854e-06
30.170507  -4.667046e-06  9.439151e-07
30.270411  -2.314828e-06  4.080179e-06
30.370312  1.645457e-06  4.389547e-06
30.470215  4.324898e-06  1.628860e-06
30.570118  3.992291e-06  -2.254319e-06
30.670019  9.006953e-07  -4.444129e-06
30.769922  -2.813772e-06  -3.547352e-06
30.869823  -4.453717e-06  -1.841541e-07
30.969727  -3.007903e-06  3.260470e-06
31.069630  5.296262e-07  4.357624e-06
31.169531  3.610934e-06  2.416235e-06
31.269434  4.160113e-06  -1.183844e-06
31.369335  1.784896e-06  -3.895035e-06
31.469238  -1.773616e-06  -3.853518e-06
31.569141  -4.045540e-06  -1.123531e-06
31.669043  -3.472316e-06  2.317242e-06
31.768946  -4.689526e-07  4.103939e-06
31.868847  2.777815e-06  3.021216e-06
31.968750  4.042411e-06  -1.908534e-07
32.068653  2.511756e-06  -3.174526e-06
32.168556  -7.989058e-07  -3.915754e-06
32.268456  -3.447834e-06  -1.926711e-06
32.368359  -3.685193e-06  1.370282e-06
32.468262  -1.328877e-06  3.658548e-06
32.568165  1.881746e-06  3.367525e-06
32.668068  3.754846e-06  7.214663e-07
32.767967  2.984876e-06  -2.339339e-06
32.867870  1.169621e-07  -3.740977e-06
32.967773  -2.732522e-06  -2.534289e-06
33.067677  -3.664283e-06  4.565323e-07
33.167580  -2.039212e-06  3.037448e-06
33.267479  1.016748e-06  3.483959e-06
33.367382  3.256269e-06  1.499505e-06
33.467285  3.246964e-06  -1.516642e-06
33.567188  9.564602e-07  -3.371657e-06
33.667091  -1.981619e-06  -2.904003e-06
33.766991  -3.423185e-06  -4.046862e-07
33.866894  -2.526839e-06  2.364976e-06
33.966797  1.416210e-07  3.378000e-06
34.066700  2.672154e-06  2.086541e-06
34.166603  3.280060e-06  -6.614236e-07
34.266502  1.593329e-06  -2.908350e-06
34.366405  -1.150818e-06  -3.097827e-06
34.466309  -3.058943e-06  -1.106466e-06
34.566212  -2.819031e-06  1.597045e-06
34.666115  -6.008852e-07  3.137218e-06
34.766014  1.984185e-06  2.494750e-06
34.865917  3.133714e-06  1.068318e-07
34.965820  2.104593e-06  -2.305891e-06
35.065723  -3.979478e-07  -3.068399e-06
35.165627  -2.543828e-06  -1.703890e-06
35.265526  -2.921222e-06  8.476641e-07
35.365429  -1.239694e-06  2.739386e-06
35.465332  1.265200e-06  2.709654e-06
35.565235  2.849697e-06  7.802834e-07
35.665138  2.427427e-06  -1.632372e-06
35.765038  3.203029e-07  -2.895511e-06
35.864941  -1.942882e-06  -2.094569e-06
35.964844  -2.862392e-06  1.540550e-07
36.064747  -1.740233e-06  2.201433e-06
36.164650  5.840475e-07  2.752586e-06
36.264549  2.400347e-06  1.346424e-06
36.364452  2.574938e-06  -1.000770e-06
36.464355  9.484887e-07  -2.541082e-06
36.564259  -1.348981e-06  -2.342129e-06
36.664162  -2.606080e-06  -5.112438e-07
36.764061  -2.065636e-06  1.682550e-06
36.863964  -9.319563e-08  2.593895e-06
36.963867  1.930140e-06  1.757551e-06
37.063770  2.539629e-06  -3.333634e-07
37.163673  1.399560e-06  -2.125933e-06
37.263573  -7.141974e-07  -2.412456e-06
37.363476  -2.285052e-06  -1.027671e-06
37.463379  -2.236486e-06  1.043359e-06
37.563282  -6.351745e-07  2.368541e-06
37.663185  1.361358e-06  2.010914e-06
37.763084  2.393808e-06  2.494701e-07
37.862988  1.743401e-06  -1.623857e-06
37.962891  -1.330965e-07  -2.340329e-06
38.062794  -1.854366e-06  -1.441227e-06
38.162697  -2.262647e-06  4.819529e-07
38.262596  -1.100652e-06  1.999132e-06
38.362499  8.092674e-07  2.125424e-06
38.462402  2.117863e-06  7.442922e-07
38.562305  1.933936e-06  -1.088073e-06
38.662209  3.939525e-07  -2.170100e-06
38.762108  -1.346941e-06  -1.712242e-06
38.862011  -2.150326e-06  -4.170927e-08
38.961914  -1.440540e-06  1.573354e-06
39.061817  2.851008e-07  2.094809e-06
39.161720  1.733750e-06  1.153396e-06
39.261620  1.984272e-06  -5.990580e-07
39.361523  8.410234e-07  -1.852866e-06
39.461426  -8.877482e-07  -1.845996e-06
39.561329  -1.900941e-06  -5.358588e-07
39.661232  -1.637113e-06  1.143212e-06
39.761131  -2.237221e-07  1.927630e-06
39.861034  1.356219e-06  1.421134e-06
39.960938  1.894965e-06  -9.178129e-08
40.060841  1.162418e-06  -1.515695e-06
40.160744  -3.847855e-07  -1.837703e-06
40.260643  -1.630845e-06  -8.730254e-07
40.360546  -1.734925e-06  6.607560e-07
40.460449  -6.050453e-07  1.703496e-06
40.560352  9.031370e-07  1.563009e-06
40.660255  1.740809e-06  3.199681e-07
40.760155  1.373431e-06  -1.114742e-06
40.860058  5.046972e-08  -1.726322e-06
40.959961  -1.276799e-06  -1.150317e-06
41.059864  -1.688301e-06  2.374913e-07
41.159767  -9.310763e-07  1.405620e-06
41.259666  4.852114e-07  1.594828e-06
41.359570  1.490526e-06  6.602471e-07
41.459473  1.476825e-06  -6.954863e-07
41.559376  4.060286e-07  -1.551017e-06
41.659279  -8.942326e-07  -1.311239e-06
41.759178  -1.555255e-06  -1.544500e-07
41.859081  -1.128854e-06  1.043743e-06
41.958984  1.056980e-07  1.528556e-06
42.058887  1.182761e-06  9.354151e-07
42.158791  1.451861e-06  -3.288963e-07
42.258690  7.194062e-07  -1.279796e-06
42.358593  -5.509310e-07  -1.349242e-06
42.458496  -1.348921e-06  -4.985051e-07
42.558399  -1.212007e-06  7.161286e-07
42.658302  -2.618850e-07  1.364938e-06
42.758202  8.834075e-07  1.063353e-06
42.858105  1.351629e-06  3.911981e-08
42.958008  8.920303e-07  -1.003197e-06
43.057911  -1.818021e-07  -1.306811e-06
43.157814  -1.083944e-06  -7.097044e-07
43.257713  -1.234956e-06  3.788941e-07
43.357616  -5.073694e-07  1.166748e-06
43.457520  5.361242e-07  1.132532e-06
43.557423  1.187932e-06  3.050392e-07
43.657326  1.004068e-06  -6.916113e-07
43.757225  1.130123e-07  -1.192321e-06
43.857128  -8.120690e-07  -8.619079e-07
43.957031  -1.143350e-06  7.603000e-08
44.056934  -7.015902e-07  9.214805e-07
44.156837  2.443242e-07  1.102631e-06
44.256737  9.674612e-07  5.250297e-07
44.356640  1.031875e-06  -3.955849e-07
44.456543  3.434378e-07  -1.013743e-06
44.556446  -5.257995e-07  -9.314497e-07
44.656349  -1.025514e-06  -1.672751e-07
44.756248  -8.153568e-07  6.377859e-07
44.856152  -3.756564e-09  9.931590e-07
44.956055  7.354977e-07  6.746569e-07
45.055958  9.641543e-07  -1.467733e-07
45.155861  5.300994e-07  -7.941755e-07
45.255760  -2.871296e-07  -8.934454e-07
45.355663  -8.306737e-07  -3.798975e-07
45.455566  -8.287998e-07  4.107245e-07
45.555470  -2.442450e-07  8.367166e-07
45.655373  5.208022e-07  7.147167e-07
45.755272  8.364422e-07  9.875595e-08
45.855175  6.079860e-07  -6.003187e-07
45.955078  -4.136115e-08  -8.041664e-07
46.054981  -6.508890e-07  -4.926379e-07
46.154884  -7.679396e-07  1.684185e-07
46.254784  -3.531801e-07  6.780993e-07
46.354687  2.795615e-07  7.175491e-07
46.454590  6.961485e-07  2.450082e-07
46.554493  6.240034e-07  -3.697636e-07
46.654396  1.251542e-07  -6.972090e-07
46.754295  -4.453464e-07  -5.377085e-07
46.854198  -6.802037e-07  -1.854038e-08
46.954102  -4.301737e-07  4.943372e-07
47.054005  1.045366e-07  6.413126e-07
47.153908  5.214410e-07  3.481707e-07
47.253807  5.962135e-07  -1.888001e-07
47.353710  2.296770e-07  -5.358102e-07
47.453613  -2.558988e-07  -5.370437e-07
47.553516  -5.360819e-07  -1.287254e-07
47.653419  -4.640475e-07  3.105443e-07
47.753319  -4.496037e-08  5.300319e-07
47.853222  3.430417e-07  3.842709e-07
47.953125  4.968560e-07  -5.725207e-08
48.053028  3.145915e-07  -3.742575e-07
48.152931  -1.220490e-07  -4.537794e-07
48.252831  -3.880219e-07  -2.320369e-07
48.352734  -3.949060e-07  1.863454e-07
48.452637  -1.601743e-07  3.957771e-07
48.552540  2.119158e-07  3.433241e-07
48.652443  3.764013e-07  7.335458e-08
48.752342  2.816884e-07  -2.495223e-07
48.852245  1.657363e-08  -3.449313e-07
48.952148  -2.639303e-07  -2.332961e-07
49.052052  -3.189775e-07  5.273272e-08
49.151955  -1.689391e-07  2.554804e-07
49.251854  9.692656e-08  2.767934e-07
49.351757  2.597584e-07  1.074136e-07
49.451660  2.419708e-07  -1.102853e-07
49.551563  5.137211e-08  -2.346978e-07
49.651466  -1.369869e-07  -1.940134e-07
49.751366  -2.095846e-07  -1.504228e-08
49.851269  -1.547617e-07  1.401505e-07
49.951172  1.387931e-08  1.682996e-07
50.051075  1.480934e-07  1.069594e-07
50.150978  1.549573e-07  -3.520942e-08
50.250877  6.436861e-08  -1.163850e-07
50.350780  -4.835948e-08  -1.306711e-07
50.450684  -9.689275e-08  -2.043994e-08
50.550587  -9.504814e-08  3.768972e-08
50.650490  3.813524e-09  7.744172e-08
50.750389  2.934687e-08  7.198535e-08
50.850292  3.333766e-08  -1.480995e-08
50.950195  3.196813e-08  -1.600751e-08
51.050098  -1.558440e-08  -1.429101e-08
-51.150002  1.144401e-08  1.814329e-08
-51.050098  -1.558440e-08  1.429101e-08
-50.950195  3.196813e-08  1.600751e-08
-50.850292  3.333766e-08  1.480995e-08
-50.750389  2.934687e-08  -7.198535e-08
-50.650490  3.813524e-09  -7.744172e-08
-50.550587  -9.504814e-08  -3.768972e-08
-50.450684  -9.689275e-08  2.043994e-08
-50.350780  -4.835948e-08  1.306711e-07
-50.250877  6.436861e-08  1.163850e-07
-50.150978  1.549573e-07  3.520942e-08
-50.051075  1.480934e-07  -1.069594e-07
-49.951172  1.387931e-08  -1.682996e-07
-49.851269  -1.547617e-07  -1.401505e-07
-49.751366  -2.095846e-07  1.504228e-08
-49.651466  -1.369869e-07  1.940134e-07
-49.551563  5.137211e-08  2.346978e-07
-49.451660  2.419708e-07  1.102853e-07
-49.351757  2.597584e-07  -1.074136e-07
-49.251854  9.692656e-08  -2.767934e-07
-49.151955  -1.689391e-07  -2.554804e-07
-49.052052  -3.189775e-07  -5.273272e-08
-48.952148  -2.639303e-07  2.332961e-07
-48.852245  1.657363e-08  3.449313e-07
-48.752342  2.816884e-07  2.495223e-07
-48.652443  3.764013e-07  -7.335458e-08
-48.552540  2.119158e-07  -3.433241e-07
-48.452637  -1.601743e-07  -3.957771e-07
-48.352734  -3.949060e-07  -1.863454e-07
-48.252831  -3.880219e-07  2.320369e-07
-48.152931  -1.220490e-07  4.537794e-07
-48.053028  3.145915e-07  3.742575e-07
-47.953125  4.968560e-07  5.725207e-08
-47.853222  3.430417e-07  -3.842709e-07
-47.753319  -4.496037e-08  -5.300319e-07
-47.653419  -4.640475e-07  -3.105443e-07
-47.553516  -5.360819e-07  1.287254e-07
-47.453613  -2.558988e-07  5.370437e-07
-47.353710  2.296770e-07  5.358102e-07
-47.253807  5.962135e-07  1.888001e-07
-47.153908  5.214410e-07  -3.481707e-07
-47.054005  1.045366e-07  -6.413126e-07
-46.954102  -4.301737e-07  -4.943372e-07
-46.854198  -6.802037e-07  1.854038e-08
-46.754295  -4.453464e-07  5.377085e-07
-46.654396  1.251542e-07  6.972090e-07
-46.554493  6.240034e-07  3.697636e-07
-46.454590  6.961485e-07  -2.450082e-07
-46.354687  2.795615e-07  -7.175491e-07
-46.254784  -3.531801e-07  -6.780993e-07
-46.154884  -7.679396e-07  -1.684185e-07
-46.054981  -6.508890e-07  4.926379e-07
-45.955078  -4.136115e-08  8.041664e-07
-45.855175  6.079860e-07  6.003187e-07
-45.755272  8.364422e-07  -9.875595e-08
-45.655373  5.208022e-07  -7.147167e-07
-45.555470  -2.442450e-07  -8.367166e-07
-45.455566  -8.287998e-07  -4.107245e-07
-45.355663  -8.306737e-07  3.798975e-07
-45.255760  -2.871296e-07  8.934454e-07
-45.155861  5.300994e-07  7.941755e-07
-45.055958  9.641543e-07  1.467733e-07
-44.956055  7.354977e-07  -6.746569e-07
-44.856152  -3.756564e-09  -9.931590e-07
-44.756248  -8.153568e-07  -6.377859e-07
-44.656349  -1.025514e-06  1.672751e-07
-44.556446  -5.257995e-07  9.314497e-07
-44.456543  3.434378e-07  1.013743e-06
-44.356640  1.031875e-06  3.955849e-07
-44.256737  9.674612e-07  -5.250297e-07
-44.156837  2.443242e-07  -1.102631e-06
-44.056934  -7.015902e-07  -9.214805e-07
-43.957031  -1.143350e-06  -7.603000e-08
-43.857128  -8.120690e-07  8.619079e-07
-43.757225  1.130123e-07  1.192321e-06
-43.657326  1.004068e-06  6.916113e-07
-43.557423  1.187932e-06  -3.050392e-07
-43.457520  5.361242e-07  -1.132532e-06
-43.357616  -5.073694e-07  -1.166748e-06
-43.257713  -1.234956e-06  -3.788941e-07
-43.157814  -1.083944e-06  7.097044e-07
-43.057911  -1.818021e-07  1.306811e-06
-42.958008  8.920303e-07  1.003197e-06
-42.858105  1.351629e-06  -3.911981e-08
-42.758202  8.834075e-07  -1.063353e-06
-42.658302  -2.618850e-07  -1.364938e-06
-42.558399  -1.212007e-06  -7.161286e-07
-42.458496  -1.348921e-06  4.985051e-07
-42.358593  -5.509310e-07  1.349242e-06
-42.258690  7.194062e-07  1.279796e-06
-42.158791  1.451861e-06  3.288963e-07
-42.058887  1.182761e-06  -9.354151e-07
-41.958984  1.056980e-07  -1.528556e-06
-41.859081  -1.128854e-06  -1.043743e-06
-41.759178  -1.555255e-06  1.544500e-07
-41.659279  -8.942326e-07  1.311239e-06
-41.559376  4.060286e-07  1.551017e-06
-41.459473  1.476825e-06  6.954863e-07
-41.359570  1.490526e-06  -6.602471e-07
-41.259666  4.852114e-07  -1.594828e-06
-41.159767  -9.310763e-07  -1.405620e-06
-41.059864  -1.688301e-06  -2.374913e-07
-40.959961  -1.276799e-06  1.150317e-06
-40.860058  5.046972e-08  1.726322e-06
-40.760155  1.373431e-06  1.114742e-06
-40.660255  1.740809e-06  -3.199681e-07
-40.560352  9.031370e-07  -1.563009e-06
-40.460449  -6.050453e-07  -1.703496e-06
-40.360546  -1.734925e-06  -6.607560e-07
-40.260643  -1.630845e-06  8.730254e-07
-40.160744  -3.847855e-07  1.837703e-06
-40.060841  1.162418e-06  1.515695e-06
-39.960938  1.894965e-06  9.178129e-08
-39.861034  1.356219e-06  -1.421134e-06
-39.761131  -2.237221e-07  -1.927630e-06
-39.661232  -1.637113e-06  -1.143212e-06
-39.561329  -1.900941e-06  5.358588e-07
-39.461426  -8.877482e-07  1.845996e-06
-39.361523  8.410234e-07  1.852866e-06
-39.261620  1.984272e-06  5.990580e-07
-39.161720  1.733750e-06  -1.153396e-06
-39.061817  2.851008e-07  -2.094809e-06
-38.961914  -1.440540e-06  -1.573354e-06
-38.862011  -2.150326e-06  4.170927e-08
-38.762108  -1.346941e-06  1.712242e-06
-38.662209  3.939525e-07  2.170100e-06
-38.562305  1.933936e-06  1.088073e-06
-38.462402  2.117863e-06  -7.442922e-07
-38.362499  8.092674e-07  -2.125424e-06
-38.262596  -1.100652e-06  -1.999132e-06
-38.162697  -2.262647e-06  -4.819529e-07
-38.062794  -1.854366e-06  1.441227e-06
-37.962891  -1.330965e-07  2.340329e-06
-37.862988  1.743401e-06  1.623857e-06
-37.763084  2.393808e-06  -2.494701e-07
-37.663185  1.361358e-06  -2.010914e-06
-37.563282  -6.351745e-07  -2.368541e-06
-37.463379  -2.236486e-06  -1.043359e-06
-37.363476  -2.285052e-06  1.027671e-06
-37.263573  -7.141974e-07  2.412456e-06
-37.163673  1.399560e-06  2.125933e-06
-37.063770  2.539629e-06  3.333634e-07
-36.963867  1.930140e-06  -1.757551e-06
-36.863964  -9.319563e-08  -2.593895e-06
-36.764061  -2.065636e-06  -1.682550e-06
-36.664162  -2.606080e-06  5.112438e-07
-36.564259  -1.348981e-06  2.342129e-06
-36.464355  9.484887e-07  2.541082e-06
-36.364452  2.574938e-06  1.000770e-06
-36.264549  2.400347e-06  -1.346424e-06
-36.164650  5.840475e-07  -2.752586e-06
-36.064747  -1.740233e-06  -2.201433e-06
-35.964844  -2.862392e-06  -1.540550e-07
-35.864941  -1.942882e-06  2.094569e-06
-35.765038  3.203029e-07  2.895511e-06
-35.665138  2.427427e-06  1.632372e-06
-35.565235  2.849697e-06  -7.802834e-07
-35.465332  1.265200e-06  -2.709654e-06
-35.365429  -1.239694e-06  -2.739386e-06
-35.265526  -2.921222e-06  -8.476641e-07
-35.165627  -2.543828e-06  1.703890e-06
-35.065723  -3.979478e-07  3.068399e-06
-34.965820  2.104593e-06  2.305891e-06
-34.865917  3.133714e-06  -1.068318e-07
-34.766014  1.984185e-06  -2.494750e-06
-34.666115  -6.008852e-07  -3.137218e-06
-34.566212  -2.819031e-06  -1.597045e-06
-34.466309  -3.058943e-06  1.106466e-06
-34.366405  -1.150818e-06  3.097827e-06
-34.266502  1.593329e-06  2.908350e-06
-34.166603  3.280060e-06  6.614236e-07
-34.066700  2.672154e-06  -2.086541e-06
-33.966797  1.416210e-07  -3.378000e-06
-33.866894  -2.526839e-06  -2.364976e-06
-33.766991  -3.423185e-06  4.046862e-07
-33.667091  -1.981619e-06  2.904003e-06
-33.567188  9.564602e-07  3.371657e-06
-33.467285  3.246964e-06  1.516642e-06
-33.367382  3.256269e-06  -1.499505e-06
-33.267479  1.016748e-06  -3.483959e-06
-33.167580  -2.039212e-06  -3.037448e-06
-33.067677  -3.664283e-06  -4.565323e-07
-32.967773  -2.732522e-06  2.534289e-06
-32.867870  1.169621e-07  3.740977e-06
-32.767967  2.984876e-06  2.339339e-06
-32.668068  3.754846e-06  -7.214663e-07
-32.568165  1.881746e-06  -3.367525e-06
-32.468262  -1.328877e-06  -3.658548e-06
-32.368359  -3.685193e-06  -1.370282e-06
-32.268456  -3.447834e-06  1.926711e-06
-32.168556  -7.989058e-07  3.915754e-06
-32.068653  2.511756e-06  3.174526e-06
-31.968750  4.042411e-06  1.908534e-07
-31.868847  2.777815e-06  -3.021216e-06
-31.768946  -4.689526e-07  -4.103939e-06
-31.669043  -3.472316e-06  -2.317242e-06
-31.569141  -4.045540e-06  1.123531e-06
-31.469238  -1.773616e-06  3.853518e-06
-31.369335  1.784896e-06  3.895035e-06
-31.269434  4.160113e-06  1.183844e-06
-31.169531  3.610934e-06  -2.416235e-06
-31.069630  5.296262e-07  -4.357624e-06
-30.969727  -3.007903e-06  -3.260470e-06
-30.869823  -4.453717e-06  1.841541e-07
-30.769922  -2.813772e-06  3.547352e-06
-30.670019  9.006953e-07  4.444129e-06
-30.570118  3.992291e-06  2.254319e-06
-30.470215  4.324898e-06  -1.628860e-06
-30.370312  1.645457e-06  -4.389547e-06
-30.270411  -2.314828e-06  -4.080179e-06
-30.170507  -4.667046e-06  -9.439151e-07
-30.070606  -3.740845e-06  2.977854e-06
-29.970703  -2.037660e-07  4.848338e-06
-29.870800  3.583594e-06  3.286511e-06
-29.770899  4.886591e-06  -5.823449e-07
-29.670996  2.751369e-06  -4.138386e-06
-29.571095  -1.367581e-06  -4.813066e-06
-29.471191  -4.605637e-06  -2.102010e-06
-29.371288  -4.608649e-06  2.128726e-06
-29.271387  -1.399902e-06  4.956196e-06
-29.171484  2.901543e-06  4.287446e-06
-29.071583  5.202881e-06  6.243681e-07
-28.971680  3.864583e-06  -3.588876e-06
-28.871777  -2.155522e-07  -5.302709e-06
-28.771875  -4.238090e-06  -3.318099e-06
-28.671972  -5.304938e-06  1.058256e-06
-28.572071  -2.655114e-06  4.783272e-06
-28.472168  1.913450e-06  5.157630e-06
-28.372265  5.234093e-06  1.900185e-06
-28.272364  4.892520e-06  -2.739177e-06
-28.172461  1.080187e-06  -5.545917e-06
-28.072559  -3.555001e-06  -4.486746e-06
-27.972656  -5.722458e-06  -2.083514e-07
-27.872753  -3.953926e-06  4.304076e-06
-27.772852  7.223120e-07  5.788211e-06
-27.672949  4.940671e-06  3.301802e-06
-27.573048  5.695315e-06  -1.647350e-06
-27.473145  2.515020e-06  -5.506897e-06
-27.373241  -2.571282e-06  -5.488822e-06
-27.273340  -5.917739e-06  -1.656728e-06
-27.173437  -5.102034e-06  3.465850e-06
-27.073536  -7.204117e-07  6.212011e-06
-26.973633  4.300634e-06  4.589504e-06
-26.873730  6.355462e-06  -2.573529e-07
-26.773829  3.918823e-06  -5.062971e-06
-26.673925  -1.282109e-06  -6.356482e-06
-26.574024  -5.708477e-06  -3.143485e-06
-26.474121  -6.187590e-06  2.310108e-06
-26.374218  -2.275157e-06  6.255997e-06
-26.274317  3.318532e-06  5.827676e-06
-26.174414  6.650988e-06  1.296717e-06
-26.074512  5.341167e-06  -4.291491e-06
-25.974609  2.637606e-07  -6.879028e-06
-25.874706  -5.152517e-06  -4.675435e-06
-25.774805  -6.976450e-06  8.545448e-07
-25.674902  -3.892382e-06  5.921248e-06
-25.575001  1.974231e-06  6.882491e-06
-25.475098  6.571706e-06  2.967803e-06
-25.375195  6.608564e-06  -3.099646e-06
-25.275293  1.954764e-06  -7.086845e-06
-25.175390  -4.172788e-06  -6.145424e-06
-25.075489  -7.438837e-06  -8.371696e-07
-24.975586  -5.520226e-06  5.189210e-06
-24.875683  3.656351e-07  7.586116e-06
-24.775782  6.102761e-06  4.759952e-06
-24.675879  7.589300e-06  -1.581508e-06
-24.575977  3.804385e-06  -6.883793e-06
-24.476074  -2.829178e-06  -7.382778e-06
-24.376171  -7.547983e-06  -2.748231e-06
-24.276270  -6.986476e-06  4.012470e-06
-24.176367  -1.542005e-06  8.028396e-06
-24.076466  5.157891e-06  6.397572e-06
-23.976562  8.326998e-06  2.691393e-07
-23.876659  5.627950e-06  -6.209792e-06
-23.776758  -1.074330e-06  -8.408337e-06
-23.676855  -7.163200e-06  -4.684572e-06
-23.576954  -8.282240e-06  2.416475e-06
-23.477051  -3.581768e-06  7.974820e-06
-23.377148  3.752425e-06  7.957013e-06
-23.277246  8.594447e-06  2.344272e-06
-23.177343  7.389756e-06  -5.072486e-06
-23.077442  1.007779e-06  -9.030468e-06
-22.977539  -6.286084e-06  -6.667501e-06
-22.877636  -9.227859e-06  4.493527e-07
-22.777735  -5.704263e-06  7.409506e-06
-22.677832  1.918222e-06  9.229987e-06
-22.577930  8.371678e-06  4.562873e-06
-22.478027  8.989383e-06  -3.408679e-06
-22.378124  3.258407e-06  -9.166092e-06
-22.278223  -4.870510e-06  -8.524573e-06
-22.178320  -9.741675e-06  -1.827222e-06
-22.078419  -7.811725e-06  6.299102e-06
-21.978516  -2.968504e-07  1.008059e-05
-21.878613  7.611411e-06  6.877270e-06
-21.778711  1.021366e-05  -1.339499e-06
-21.678808  5.733303e-06  -8.755731e-06
-21.578907  -2.989586e-06  -1.007064e-05
-21.479004  -9.746400e-06  -4.349828e-06
-21.379101  -9.705221e-06  4.623245e-06
-21.279200  -2.849193e-06  1.049882e-05
-21.179296  6.229412e-06  9.047779e-06
-21.079395  1.104558e-05  1.182795e-06
-20.979492  8.133452e-06  -7.733361e-06
-20.879589  -5.572435e-07  -1.132020e-05
-20.779688  -9.105315e-06  -6.964385e-06
-20.679785  -1.133963e-05  2.392794e-06
-20.579884  -5.573579e-06  1.029671e-05
-20.479980  4.244323e-06  1.105244e-05
-20.380077  1.128406e-05  4.007597e-06
-20.280176  1.044287e-05  -6.043358e-06
-20.180273  2.246269e-06  -1.202802e-05
-20.080372  -7.811884e-06  -9.585452e-06
-19.980469  -1.248206e-05  -3.649244e-07
-19.880566  -8.421461e-06  9.398679e-06
-19.780664  1.662398e-06  1.266700e-05
-19.680761  1.083183e-05  7.006187e-06
-19.580860  1.252084e-05  -3.713526e-06
-19.480957  5.342550e-06  -1.205290e-05
-19.381054  -5.765603e-06  -1.204884e-05
-19.281153  -1.303818e-05  -3.475899e-06
-19.181250  -1.122250e-05  7.751533e-06
-19.081348  -1.432856e-06  1.371642e-05
-18.981445  9.633270e-06  1.011265e-05
-18.881542  1.406096e-05  -7.717892e-07
-18.781641  8.700878e-06  -1.137391e-05
-18.681738  -3.040130e-06  -1.408392e-05
-18.581837  -1.285728e-05  -6.967699e-06
-18.481934  -1.375179e-05  5.356336e-06
-18.382030  -4.995018e-06  1.414465e-05
-18.282129  7.606820e-06  1.304091e-05
-18.182226  1.508054e-05  2.765885e-06
-18.082325  1.198247e-05  -9.791676e-06
-17.982422  3.678356e-07  -1.569505e-05
-17.882519  -1.181209e-05  -1.056237e-05
-17.782618  -1.590781e-05  2.147651e-06
-17.682714  -8.810507e-06  1.367300e-05
-17.582813  4.735025e-06  1.573843e-05
-17.482910  1.526615e-05  6.711791e-06
-17.383007  1.517366e-05  -7.288820e-06
-17.283106  4.370408e-06  -1.652118e-05
-17.183203  -9.859542e-06  -1.415692e-05
-17.083302  -1.742985e-05  -1.775043e-06
-16.983398  -1.278037e-05  1.224807e-05
-16.883495  9.955563e-07  1.788515e-05
-16.783594  1.446903e-05  1.098015e-05
-16.683691  1.797667e-05  -3.888855e-06
-16.583790  8.791464e-06  -1.641668e-05
-16.483887  -6.829802e-06  -1.758628e-05
-16.383984  -1.804433e-05  -6.271645e-06
-16.284082  -1.674215e-05  9.755044e-06
-16.184179  -3.465029e-06  1.928323e-05
-16.084278  1.261713e-05  1.539340e-05
-15.984375  2.007162e-05  4.383202e-07
-15.884473  1.357864e-05  -1.529120e-05
-15.784571  -2.823075e-06  -2.042603e-05
-15.684668  -1.766447e-05  -1.135089e-05
-15.584765  -2.026669e-05  6.150660e-06
-15.484863  -8.637861e-06  1.974932e-05
-15.384961  9.527724e-06  1.961317e-05
-15.285059  2.140906e-05  5.607687e-06
-15.185156  1.837279e-05  -1.284050e-05
-15.085254  2.244276e-06  -2.263266e-05
-14.985352  -1.600688e-05  -1.660090e-05
-14.885449  -2.334773e-05  1.362740e-06
-14.785547  -1.427057e-05  1.893941e-05
-14.685644  5.163151e-06  2.349220e-05
-14.585742  2.153024e-05  1.146876e-05
-14.485840  2.304380e-05  -9.055994e-06
-14.385938  8.228060e-06  -2.376105e-05
-14.286036  -1.290586e-05  -2.192612e-05
-14.186132  -2.548745e-05  -4.538805e-06
-14.086230  -2.022975e-05  1.671235e-05
-13.986328  -5.419367e-07  2.664438e-05
-13.886426  2.024801e-05  1.788488e-05
-13.786524  2.720499e-05  -3.802274e-06
-13.686621  1.495287e-05  -2.349253e-05
-13.586719  -8.270662e-06  -2.707221e-05
-13.486816  -2.632888e-05  -1.143561e-05
-13.386914  -2.622495e-05  1.280854e-05
-13.287012  -7.420576e-06  2.867783e-05
-13.187109  1.728562e-05  2.464642e-05
-13.087207  3.043586e-05  2.933329e-06
-12.987305  2.233550e-05  -2.162058e-05
-12.887403  -1.958052e-06  -3.143871e-05
-12.787500  -2.569439e-05  -1.933538e-05
-12.687597  -3.178015e-05  7.100958e-06
-12.587695  -1.555435e-05  2.930292e-05
-12.487793  1.242254e-05  3.126596e-05
-12.387891  3.245983e-05  1.114911e-05
-12.287989  2.994331e-05  -1.772952e-05
-12.188086  6.109137e-06  -3.494202e-05
-12.088183  -2.297386e-05  -2.773636e-05
-11.988281  -3.668992e-05  -5.745820e-07
-11.888379  -2.465618e-05  2.799449e-05
-11.788477  5.377212e-06  3.757715e-05
-11.688574  3.265859e-05  2.068818e-05
-11.588672  3.755399e-05  -1.158957e-05
-11.488770  1.586846e-05  -3.681837e-05
-11.388867  -1.795590e-05  -3.658456e-05
-11.288965  -4.025769e-05  -1.028505e-05
-11.189062  -3.449982e-05  2.435895e-05
-11.089160  -4.037304e-06  4.293509e-05
-10.989258  3.060159e-05  3.146070e-05
-10.889356  4.461193e-05  -2.857569e-06
-10.789454  2.727525e-05  -3.651758e-05
-10.689550  -1.018553e-05  -4.533430e-05
-10.589648  -4.191169e-05  -2.206231e-05
-10.489746  -4.489557e-05  1.786121e-05
-10.389844  -1.581881e-05  4.663900e-05
-10.289942  2.569268e-05  4.323245e-05
-10.190039  5.049354e-05  8.680883e-06
-10.090137  4.025615e-05  -3.350995e-05
-9.990234  7.434397e-07  -5.331102e-05
-9.890332  -4.108727e-05  -3.594519e-05
-9.790430  -5.501536e-05  8.011249e-06
-9.690527  -3.038620e-05  4.816170e-05
-9.590625  1.725284e-05  5.537771e-05
-9.490723  5.459902e-05  2.338231e-05
-9.390821  5.434676e-05  -2.689151e-05
-9.290918  1.522379e-05  -6.014324e-05
-9.191015  -3.668417e-05  -5.169404e-05
-9.091113  -6.458909e-05  -5.858804e-06
-8.991211  -4.739939e-05  4.638043e-05
-8.891309  4.512089e-06  6.772617e-05
-8.791407  5.576004e-05  4.142057e-05
-8.691504  6.935172e-05  -1.580450e-05
-8.591601  3.376315e-05  -6.453510e-05
-8.491699  -2.783001e-05  -6.922984e-05
-8.391797  -7.249495e-05  -2.445374e-05
-8.291895  -6.716717e-05  4.020764e-05
-8.191992  -1.345606e-05  7.927255e-05
-8.092090  5.290641e-05  6.313303e-05
-7.992188  8.456052e-05  9.578435e-07
-7.892285  5.692989e-05  -6.537749e-05
-7.792383  -1.303540e-05  -8.812640e-05
-7.692481  -7.746279e-05  -4.851621e-05
-7.592578  -8.965540e-05  2.816037e-05
-7.492676  -3.779879e-05  8.879492e-05
-7.392774  4.424835e-05  8.887656e-05
-7.292871  9.901143e-05  2.476962e-05
-7.192969  8.550454e-05  -6.095721e-05
-7.093066  9.519213e-06  -1.076708e-04
-6.993164  -7.802831e-05  -7.942951e-05
-6.893262  -1.142640e-04  7.984788e-06
-6.793359  -7.035168e-05  9.512380e-05
-6.693457  2.741677e-05  1.186021e-04
-6.593554  1.115366e-04  5.809051e-05
-6.493652  1.201610e-04  -4.867551e-05
-6.393750  4.249824e-05  -1.271716e-04
-6.293848  -7.134407e-05  -1.185153e-04
-6.193945  -1.412002e-04  -2.354630e-05
-6.094043  -1.132776e-04  9.523488e-05
-5.994141  -1.172153e-06  1.532088e-04
-5.894238  1.198504e-04  1.039375e-04
-5.794336  1.625175e-04  -2.449836e-05
-5.694434  9.015427e-05  -1.447641e-04
-5.594531  -5.343150e-05  -1.685146e-04
-5.494629  -1.692882e-04  -7.144443e-05
-5.394727  -1.706270e-04  8.539084e-05
-5.294824  -4.769721e-05  1.927309e-04
-5.194922  1.203029e-04  1.678067e-04
-5.095019  2.144861e-04  1.836844e-05
-4.995117  1.596054e-04  -1.576132e-04
-4.895215  -1.682738e-05  -2.334687e-04
-4.795312  -1.969695e-04  -1.448981e-04
-4.695410  -2.489942e-04  5.813451e-05
-4.595508  -1.228363e-04  2.376930e-04
-4.495605  1.057799e-04  2.597324e-04
-4.395703  2.791936e-04  9.241243e-05
-4.295801  2.644452e-04  -1.600064e-04
-4.195899  5.259117e-05  -3.206131e-04
-4.095996  -2.210505e-04  -2.615138e-04
-3.996094  -3.608406e-04  -2.078602e-06
-3.896191  -2.491041e-04  2.890043e-04
-3.796289  6.114441e-05  3.987415e-04
-3.696387  3.638614e-04  2.254170e-04
-3.596484  4.325829e-04  -1.383880e-04
-3.496582  1.870615e-04  -4.459941e-04
-3.396680  -2.321810e-04  -4.603994e-04
-3.296777  -5.355713e-04  -1.310585e-04
-3.196875  -4.792868e-04  3.454007e-04
-3.096973  -5.244890e-05  6.328847e-04
-2.997070  4.822126e-04  4.857702e-04
-2.897168  7.383158e-04  -5.527458e-05
-2.797266  4.745455e-04  -6.484127e-04
-2.697363  -2.015000e-04  -8.522721e-04
-2.597461  -8.527041e-04  -4.380979e-04
-2.497559  -9.757360e-04  4.007403e-04
-2.397656  -3.643158e-04  1.109125e-03
-2.297754  6.756714e-04  1.109884e-03
-2.197852  1.439843e-03  2.322100e-04
-2.097949  1.257477e-03  -1.068385e-03
-1.998047  5.077965e-06  -1.887092e-03
-1.898144  -1.657302e-03  -1.422410e-03
-1.798242  -2.536298e-03  3.957175e-04
-1.698340  -1.612094e-03  2.617731e-03
-1.598438  1.159021e-03  3.591956e-03
-1.498535  4.421629e-03  1.841583e-03
-1.398633  5.683321e-03  -2.882977e-03
-1.298730  2.142143e-03  -8.857109e-03
-1.198828  -8.637492e-03  -1.192682e-02
-1.098926  -3.036619e-02  -2.432592e-03
-0.999023  -9.287395e-02  9.263640e-02
-0.899121  -9.641056e-02  -1.243337e+00
-0.799219  1.035660e+00  7.540737e-01
-0.699316  -1.251847e+00  2.993448e-01
-0.599414  5.809270e-01  -1.137970e+00
-0.499512  4.918514e-01  1.189590e+00
-0.399609  -1.215298e+00  -3.955631e-01
-0.299707  1.097492e+00  -6.719641e-01
-0.199805  -2.003035e-01  1.262573e+00
-0.099902  -8.354940e-01  -9.784916e-01
