0.000000  7.236012e-01  0.000000e+00
0.590625  -3.089508e-01  5.805117e-01
1.181250  -2.756940e-01  -4.094141e-01
1.771875  3.043398e-01  -3.163256e-02
2.362500  -5.890922e-02  1.451602e-01
2.953125  -4.248280e-02  -5.082779e-02
3.543750  2.264051e-02  -4.757829e-03
4.134375  -1.856667e-03  6.409577e-03
4.725000  -1.140110e-03  -1.107823e-03
5.315625  2.978066e-04  -9.561807e-05
5.906250  -9.022911e-06  5.002916e-05
6.496875  -5.372327e-06  -4.224712e-06
7.087500  6.990663e-07  -3.269348e-07
7.678125  1.979328e-08  9.206432e-08
8.268750  -4.762094e-08  8.914765e-09
8.859375  1.457061e-08  -5.071313e-08
9.450000  3.705255e-08  3.412978e-08
10.040625  -3.013001e-08  1.511899e-08
10.631249  -6.676787e-09  -5.913194e-09
11.221874  -1.560809e-08  -1.905241e-08
11.812500  3.657845e-08  -1.650781e-08
12.403125  1.823050e-09  3.884783e-08
12.993750  -2.251347e-08  -8.898837e-09
13.584374  3.498391e-09  -2.561577e-09
14.174999  -5.194454e-09  -1.148521e-08
14.765624  2.062973e-08  -6.171167e-10
15.356250  -4.146316e-09  1.817421e-08
15.946875  -1.072246e-08  -1.791835e-09
16.537500  -5.713217e-09  -4.614524e-09
17.128124  2.922397e-09  -1.573800e-08
17.718750  2.384134e-08  1.014252e-08
18.309374  -2.474056e-08  2.015234e-08
-18.900000  -1.927541e-09  3.350069e-08
-18.309374  -2.474056e-08  -2.015234e-08
-17.718750  2.384134e-08  -1.014252e-08
-17.128124  2.922397e-09  1.573800e-08
-16.537500  -5.713217e-09  4.614524e-09
-15.946875  -1.072246e-08  1.791835e-09
-15.356250  -4.146316e-09  -1.817421e-08
-14.765624  2.062973e-08  6.171167e-10
-14.174999  -5.194454e-09  1.148521e-08
-13.584374  3.498391e-09  2.561577e-09
-12.993750  -2.251347e-08  8.898837e-09
-12.403125  1.823050e-09  -3.884783e-08
-11.812500  3.657845e-08  1.650781e-08
-11.221874  -1.560809e-08  1.905241e-08
-10.631249  -6.676787e-09  5.913194e-09
-10.040625  -3.013001e-08  -1.511899e-08
-9.450000  3.705255e-08  -3.412978e-08
-8.859375  1.457061e-08  5.071313e-08
-8.268750  -4.762094e-08  -8.914765e-09
-7.678125  1.979328e-08  -9.206432e-08
-7.087500  6.990663e-07  3.269348e-07
-6.496875  -5.372327e-06  4.224712e-06
-5.906250  -9.022911e-06  -5.002916e-05
-5.315625  2.978066e-04  9.561807e-05
-4.725000  -1.140110e-03  1.107823e-03
-4.134375  -1.856667e-03  -6.409577e-03
-3.543750  2.264051e-02  4.757829e-03
-2.953125  -4.248280e-02  5.082779e-02
-2.362500  -5.890922e-02  -1.451602e-01
-1.771875  3.043398e-01  3.163256e-02
-1.181250  -2.756940e-01  4.094141e-01
-0.590625  -3.089508e-01  -5.805117e-01
